60000970000298700534533030453939
60000970000298700534533030453941
60000970000298700534533030453942
60000970000298700534533030453943
60000970000298700534533030453944
60000970000298700534533030453945
60000970000298700534533030453946
60000970000298700534533030433239
60000970000298700534533030433241
60000970000298700534533030433242
60000970000298700534533030433243
60000970000298700534533030433244
60000970000298700534533030374632
60000970000298700534533030374633
60000970000298700534533030374634
60000970000298700534533030374635
60000970000298700534533030374636
60000970000298700534533030374637
